11
52
0   1   1310E3
0   2   760E3
0   3   390E3
0   6   740E3
1   0   1310E3
1   2   550E3
1   4   390E3
1   7   450E3
2   0   760E3
2   1   550E3
2   4   210E3
2   5   390E3
2   3   660E3
3   0   390E3
3   2   660E3
3   7   1090E3
3   9   660E3
3   6   340E3
4   2   210E3
4   1   390E3
4   7   300E3
4   10  930E3
4   5   220E3
5   2   390E3
5   4   220E3
5   7   400E3
5   8   350E3
5   6   730E3
6   0   740E3
6   3   340E3
6   5   730E3
6   8   565E3
6   9   320E3
7   1   450E3
7   4   300E3
7   3   1090E3
7   5   400E3
7   8   600E3
7   10  820E3
8   9   730E3
8   6   565E3
8   5   350E3
8   7   600E3
8   10  320E3
9   6   320E3
9   3   660E3
9   10  820E3
9   8   730E3
10  8   320E3
10  9   820E3
10  4   930E3
10  7   820E3


//
Number of Nodes
Number of Links
SourceNode  DestinationNode LinkLength(m)